0 0 1 1 1 0 0 0 0 0 0 0 0 0 0 0
0 1 1 0 1 1 1 1 1 1 2 0 0 0 0 0
0 1 0 0 0 0 0 0 0 0 0 0 1 1 1 0
0 1 0 0 1 1 1 0 0 0 0 0 1 0 1 0
1 1 0 0 1 0 1 1 1 1 1 0 1 0 1 1
1 0 0 0 1 1 0 0 0 0 1 0 1 0 0 1
1 0 0 0 0 1 1 1 1 0 1 1 1 0 1 1
1 0 0 0 0 0 0 0 1 1 0 0 0 0 1 0
1 1 1 0 0 0 0 0 0 1 0 0 0 0 1 0
0 0 1 1 0 0 0 0 0 1 0 0 3 0 1 0
0 0 0 1 1 1 1 0 0 1 0 0 1 1 1 0
0 0 0 0 0 0 1 1 1 1 0 0 0 0 0 0
12
150
6
N1 50 N1 30 F1 30 R1 30 S1 30 I1
N2 40 F2 30 R2 30 N2 40 N3 30 N3 30 F2 30 N3 30 I2 30 R2 30 N3
S3 30 N3 30 S3 30 N3 15 R3 30 N4 32 N4 30 I4 30 I4 30 R3 30 R4 30 F4 30 S4
R4 30 R4 30 R5 30 R5 30 N5 30 N5 30 I4 37 I5 20 I5 30 N5 36 N5 30 N5 30 N5 30 S5
R6 30 R6 30 N6 30 N6 10 I7 12 I6 10 I5 10 N5 16 N6 12 N5 30 N6 70 S8
F5 35 F6 35 F6 40 F5 30 I7 30 I7 30 R7 30 R7 30 S7 100 S8 300 S14